0.5000 4.421044
0.5100 4.594611
0.5200 4.762778
0.5300 4.925297
0.5400 5.081977
0.5500 5.232670
0.5600 5.377271
0.5700 5.515713
0.5800 5.647964
0.5900 5.774017
0.6000 5.893898
0.6100 6.007650
0.6200 6.115342
0.6300 6.217059
0.6400 6.312902
0.6500 6.402989
0.6600 6.487432
0.6700 6.566379
0.6800 6.639967
0.6900 6.708338
0.7000 6.771650
0.7100 6.830059
0.7200 6.883715
0.7300 6.932785
0.7400 6.977425
0.7500 7.017791
0.7600 7.054044
0.7700 7.086342
0.7800 7.114833
0.7900 7.139675
0.8000 7.161014
0.8100 7.178999
0.8200 7.193767
0.8300 7.205467
0.8400 7.214227
0.8500 7.220175
0.8600 7.223452
0.8700 7.224172
0.8800 7.222460
0.8900 7.218431
0.9000 7.212199
0.9100 7.203871
0.9200 7.193554
0.9300 7.181345
0.9400 7.163475
0.9500 7.052384
0.9600 7.014419
0.9700 6.593257
0.9800 6.627926
0.9900 6.152822
1.0000 6.063911
1.0100 5.680565
1.0200 6.253926
1.0300 6.610690
1.0400 6.390027
1.0500 6.665195
1.0600 6.432231
1.0700 6.768929
1.0800 6.784270
1.0900 6.618925
1.1000 6.469350
1.1100 6.204739
1.1200 5.385674
1.1300 4.641554
1.1400 4.264203
1.1500 4.967858
1.1600 3.716363
1.1700 4.075528
1.1800 5.358754
1.1900 4.580944
1.2000 5.190526
1.2100 5.658020
1.2200 5.793282
1.2300 5.826908
1.2400 5.929065
1.2500 5.836604
1.2600 6.119996
1.2700 6.064747
1.2800 5.739289
1.2900 5.984689
1.3000 5.641422
1.3100 5.501167
1.3200 4.562238
1.3300 3.415161
1.3400 4.007910
1.3500 4.216608
1.3600 3.299102
1.3700 3.334720
1.3800 3.664408
1.3900 3.697939
1.4000 3.036375
1.4100 3.097418
1.4200 4.342350
1.4300 4.752118
1.4400 4.967302
1.4500 4.641113
1.4600 4.755104
1.4700 5.068460
1.4800 4.630356
1.4900 5.124421
1.5000 5.266806
1.5100 5.228474
1.5200 5.210702
1.5300 5.192869
1.5400 5.128996
1.5500 4.967038
1.5600 4.955320
1.5700 4.846948
1.5800 4.706802
1.5900 4.555798
1.6000 4.367899
1.6100 4.115627
1.6200 3.796235
1.6300 3.364972
1.6400 2.806188
1.6500 2.055199
1.6600 1.778706
1.6700 1.684854
1.6800 2.834357
1.6900 3.002835
1.7000 3.001591
1.7100 2.599566
1.7200 1.709641
1.7300 2.588329
1.7400 3.223143
1.7500 3.134951
1.7600 2.957642
1.7700 2.603455
1.7800 2.051522
1.7900 1.770031
1.8000 2.288203
1.8100 3.312385
1.8200 3.764829
1.8300 3.957588
1.8400 3.879424
1.8500 3.293713
1.8600 3.317197
1.8700 3.898826
1.8800 3.989170
1.8900 4.010346
1.9000 3.996514
1.9100 3.914309
1.9200 3.785874
1.9300 3.531907
1.9400 3.514980
1.9500 3.436281
1.9600 3.499919
1.9700 3.690795
1.9800 3.740207
1.9900 3.734852
2.0000 3.648989
2.0100 3.606730
2.0200 3.530461
2.0300 3.495497
2.0400 3.440629
2.0500 3.351279
2.0600 3.300890
2.0700 3.160764
2.0800 3.090369
2.0900 2.948395
2.1000 2.793676
2.1100 2.636739
2.1200 2.354425
2.1300 2.269321
2.1400 2.062034
2.1500 1.831102
2.1600 1.814863
2.1700 1.713289
2.1800 1.532672
2.1900 1.257132
2.2000 0.802871
2.2100 0.821991
2.2200 1.287761
2.2300 1.404456
2.2400 1.374480
2.2500 1.245978
2.2600 1.072135
2.2700 0.832404
2.2800 0.750252
2.2900 0.648629
2.3000 0.492842
2.3100 0.445049
2.3200 0.340338
2.3300 0.494682
2.3400 0.790815
2.3500 0.777435
2.3600 0.851972
2.3700 0.534538
2.3800 0.457768
2.3900 1.070817
2.4000 1.383177
2.4100 1.465563
2.4200 1.216357
2.4300 1.208191
2.4400 1.648876
2.4500 1.981390
2.4600 2.173033
2.4700 2.205032
2.4800 2.181647
2.4900 2.136104
2.5000 1.999766
2.5100 1.921467
2.5200 1.804861
2.5300 1.707312
2.5400 1.570933
2.5500 1.443831
2.5600 1.365485
2.5700 1.360644
2.5800 1.289370
2.5900 0.918340
2.6000 0.934779
2.6100 1.504249
2.6200 2.017431
2.6300 2.295054
2.6400 2.392029
2.6500 2.422223
2.6600 2.423123
2.6700 2.415229
2.6800 2.386387
2.6900 2.365200
2.7000 2.341150
2.7100 2.314730
2.7200 2.284832
2.7300 2.248283
2.7400 2.199274
2.7500 2.180554
2.7600 2.147796
2.7700 2.109559
2.7800 2.067312
2.7900 2.027154
2.8000 1.985118
2.8100 1.940457
2.8200 1.892795
2.8300 1.844566
2.8400 1.786376
2.8500 1.740906
2.8600 1.683492
2.8700 1.621985
2.8800 1.557133
2.8900 1.497823
2.9000 1.445204
2.9100 1.377599
2.9200 1.326357
2.9300 1.271192
2.9400 1.220655
2.9500 1.171930
2.9600 1.125164
2.9700 1.077882
2.9800 1.031907
2.9900 0.999245
3.0000 0.954725
3.0100 0.903424
3.0200 0.867148
3.0300 0.827567
3.0400 0.782846
3.0500 0.737890
3.0600 0.696761
3.0700 0.655857
3.0800 0.618947
3.0900 0.582862
3.1000 0.550631
3.1100 0.517827
3.1200 0.485163
3.1300 0.462051
3.1400 0.436742
3.1500 0.405038
3.1600 0.368769
3.1700 0.343751
3.1800 0.308378
3.1900 0.268221
3.2000 0.224597
3.2100 0.155979
3.2200 0.153695
3.2300 0.154681
3.2400 0.149511
3.2500 0.129531
3.2600 0.090198
3.2700 0.126047
3.2800 0.125723
3.2900 0.115156
3.3000 0.075919
3.3100 0.108860
3.3200 0.133581
3.3300 0.137356
3.3400 0.096954
3.3500 0.095005
3.3600 0.124052
3.3700 0.176025
3.3800 0.231717
3.3900 0.291626
3.4000 0.336674
3.4100 0.369791
3.4200 0.391382
3.4300 0.411287
3.4400 0.401160
3.4500 0.393580
3.4600 0.364504
3.4700 0.352929
3.4800 0.352596
3.4900 0.334885
3.5000 0.322312
3.5100 0.285847
3.5200 0.224191
3.5300 0.210827
3.5400 0.197437
3.5500 0.193949
3.5600 0.215997
3.5700 0.269375
3.5800 0.364034
3.5900 0.450020
3.6000 0.527710
3.6100 0.599515
3.6200 0.683045
3.6300 0.733196
3.6400 0.798413
3.6500 0.843554
3.6600 0.872298
3.6700 0.858623
3.6800 0.820808
3.6900 0.768216
3.7000 0.733203
3.7100 0.677827
3.7200 0.664084
3.7300 0.637472
3.7400 0.603683
3.7500 0.566167
3.7600 0.547396
3.7700 0.528439
3.7800 0.515711
3.7900 0.506589
3.8000 0.478289
3.8100 0.436579
3.8200 0.395354
3.8300 0.369216
3.8400 0.339001
3.8500 0.340183
3.8600 0.380155
3.8700 0.428504
3.8800 0.491073
3.8900 0.568734
3.9000 0.642283
3.9100 0.711915
3.9200 0.783151
3.9300 0.843565
3.9400 0.895390
3.9500 0.908635
3.9600 0.946930
3.9700 0.981125
3.9800 0.985649
3.9900 0.989429
4.0000 0.988331
4.0100 0.983519
4.0200 0.975085
4.0300 0.957238
4.0400 0.941956
4.0500 0.926943
4.0600 0.927940
4.0700 0.919241
4.0800 0.901977
4.0900 0.887250
4.1000 0.871674
4.1100 0.856686
4.1200 0.841660
4.1300 0.825551
4.1400 0.809997
4.1500 0.794178
4.1600 0.779780
4.1700 0.760909
4.1800 0.731756
4.1900 0.723377
4.2000 0.726557
4.2100 0.735269
4.2200 0.741221
4.2300 0.733677
4.2400 0.724836
4.2500 0.716522
4.2600 0.708762
4.2700 0.701558
4.2800 0.694008
4.2900 0.676348
4.3000 0.656224
4.3100 0.657109
4.3200 0.650943
4.3300 0.631911
4.3400 0.649340
4.3500 0.671708
4.3600 0.686636
4.3700 0.727433
4.3800 0.769363
4.3900 0.801165
4.4000 0.834107
4.4100 0.852435
4.4200 0.861028
4.4300 0.881369
4.4400 0.911996
4.4500 0.926978
4.4600 0.958229
4.4700 0.988527
4.4800 0.946261
4.4900 0.922832
4.5000 0.921559
4.5100 0.920285
4.5200 0.910662
4.5300 0.894322
4.5400 0.867048
4.5500 0.776692
4.5600 0.523569
4.5700 0.552147
4.5800 0.568289
4.5900 0.596773
4.6000 0.589118
4.6100 0.601703
4.6200 0.592195
4.6300 0.591612
4.6400 0.585639
4.6500 0.575323
4.6600 0.573304
4.6700 0.569580
4.6800 0.569873
4.6900 0.571590
4.7000 0.715511
4.7100 0.716840
4.7200 0.633350
4.7300 0.588736
4.7400 0.586842
4.7500 0.575683
4.7600 0.573949
4.7700 0.559586
4.7800 0.547027
4.7900 0.548913
4.8000 0.550492
4.8100 0.547549
4.8200 0.551481
4.8300 0.549688
4.8400 0.547785
4.8500 0.549656
4.8600 0.541912
4.8700 0.538572
4.8800 0.535402
4.8900 0.533981
4.9000 0.531092
4.9100 0.530747
4.9200 0.530322
4.9300 0.523648
4.9400 0.531251
4.9500 0.530635
4.9600 0.527991
4.9700 0.523355
4.9800 0.549599
4.9900 0.548507
5.0000 0.535113
5.0100 0.542178
5.0200 0.549242
5.0300 0.556307
5.0400 0.563371
5.0500 0.570436
5.0600 0.577500
5.0700 0.584565
5.0800 0.591629
5.0900 0.598694
5.1000 0.605758
5.1100 0.612823
5.1200 0.619887
5.1300 0.626952
5.1400 0.634016
5.1500 0.641081
5.1600 0.648145
5.1700 0.655210
5.1800 0.662274
5.1900 0.669339
5.2000 0.676403
5.2100 0.683468
5.2200 0.690532
5.2300 0.697597
5.2400 0.704661
5.2500 0.711726
5.2600 0.718790
5.2700 0.725855
5.2800 0.732919
5.2900 0.739983
5.3000 0.747048
5.3100 0.754112
5.3200 0.761177
5.3300 0.768241
5.3400 0.775306
5.3500 0.782370
5.3600 0.789435
5.3700 0.796499
5.3800 0.803564
5.3900 0.810628
5.4000 0.817693
5.4100 0.824757
5.4200 0.831822
5.4300 0.838886
5.4400 0.845951
5.4500 0.853015
5.4600 0.860080
5.4700 0.867144
5.4800 0.874209
5.4900 0.881273
5.5000 0.888338
5.5100 0.895403
5.5200 0.902467
5.5300 0.909532
5.5400 0.916596
5.5500 0.923661
5.5600 0.930725
5.5700 0.937790
5.5800 0.944854
5.5900 0.951919
5.6000 0.958983
5.6100 0.955974
5.6200 0.952979
5.6300 0.949998
5.6400 0.947030
5.6500 0.944077
5.6600 0.941137
5.6700 0.938211
5.6800 0.935298
5.6900 0.932398
5.7000 0.929512
5.7100 0.926640
5.7200 0.923780
5.7300 0.920933
5.7400 0.918100
5.7500 0.915279
5.7600 0.912472
5.7700 0.909677
5.7800 0.906895
5.7900 0.904125
5.8000 0.901368
5.8100 0.898623
5.8200 0.895891
5.8300 0.893172
5.8400 0.890464
5.8500 0.887769
5.8600 0.885085
5.8700 0.882414
5.8800 0.879755
5.8900 0.877108
5.9000 0.874472
5.9100 0.871848
5.9200 0.869236
5.9300 0.866636
5.9400 0.864047
5.9500 0.861470
5.9600 0.858904
5.9700 0.856349
5.9800 0.853806
5.9900 0.851274
6.0000 0.848753
6.0100 0.846243
6.0200 0.843744
6.0300 0.841256
6.0400 0.838779
6.0500 0.836313
6.0600 0.833858
6.0700 0.831413
6.0800 0.828979
6.0900 0.826556
6.1000 0.824143
6.1100 0.821740
6.1200 0.819348
6.1300 0.816967
6.1400 0.814595
6.1500 0.812234
6.1600 0.809883
6.1700 0.807542
6.1800 0.805212
6.1900 0.802891
6.2000 0.800580
6.2100 0.798279
6.2200 0.795988
6.2300 0.793706
6.2400 0.791435
6.2500 0.789173
6.2600 0.786920
6.2700 0.784678
6.2800 0.782444
6.2900 0.780220
6.3000 0.778006
6.3100 0.775801
6.3200 0.773605
6.3300 0.771419
6.3400 0.769241
6.3500 0.767073
6.3600 0.764914
6.3700 0.762764
6.3800 0.760623
6.3900 0.758490
6.4000 0.756367
6.4100 0.754253
6.4200 0.752147
6.4300 0.750050
6.4400 0.747962
6.4500 0.745882
6.4600 0.743811
6.4700 0.741749
6.4800 0.739695
6.4900 0.737649
6.5000 0.735612
6.5100 0.733584
6.5200 0.731563
6.5300 0.729551
6.5400 0.727548
6.5500 0.725552
6.5600 0.723564
6.5700 0.721585
6.5800 0.719614
6.5900 0.717650
6.6000 0.715695
6.6100 0.713748
6.6200 0.711808
6.6300 0.709876
6.6400 0.707952
6.6500 0.706036
6.6600 0.704128
6.6700 0.702227
6.6800 0.700334
6.6900 0.698449
6.7000 0.696571
6.7100 0.694700
6.7200 0.692837
6.7300 0.690982
6.7400 0.689134
6.7500 0.687293
6.7600 0.685459
6.7700 0.683633
6.7800 0.681814
6.7900 0.680003
6.8000 0.678198
6.8100 0.676401
6.8200 0.674610
6.8300 0.672827
6.8400 0.671051
6.8500 0.669282
6.8600 0.667519
6.8700 0.665764
6.8800 0.664015
6.8900 0.662274
6.9000 0.660539
6.9100 0.658811
6.9200 0.657089
6.9300 0.655375
6.9400 0.653667
6.9500 0.651965
6.9600 0.650270
6.9700 0.648582
6.9800 0.646900
6.9900 0.645225
7.0000 0.643556
7.0100 0.641894
7.0200 0.640238
7.0300 0.638589
7.0400 0.636945
7.0500 0.635308
7.0600 0.633678
7.0700 0.632053
7.0800 0.630435
7.0900 0.628823
7.1000 0.627217
7.1100 0.625617
7.1200 0.624024
7.1300 0.622436
7.1400 0.620854
7.1500 0.619279
7.1600 0.617709
7.1700 0.616145
7.1800 0.614587
7.1900 0.613035
7.2000 0.611489
7.2100 0.609949
7.2200 0.608414
7.2300 0.606885
7.2400 0.605362
7.2500 0.603845
7.2600 0.602333
7.2700 0.600827
7.2800 0.599326
7.2900 0.597831
7.3000 0.596342
7.3100 0.594858
7.3200 0.593380
7.3300 0.591907
7.3400 0.590440
7.3500 0.588978
7.3600 0.587521
7.3700 0.586070
7.3800 0.584624
7.3900 0.583184
7.4000 0.581748
7.4100 0.580318
7.4200 0.578894
7.4300 0.577474
7.4400 0.576060
7.4500 0.574651
7.4600 0.573247
7.4700 0.571848
7.4800 0.570454
7.4900 0.569065
7.5000 0.567681
7.5100 0.566303
7.5200 0.564929
7.5300 0.563560
7.5400 0.562196
7.5500 0.560837
7.5600 0.559483
7.5700 0.558134
7.5800 0.556790
7.5900 0.555451
7.6000 0.554116
7.6100 0.552786
7.6200 0.551461
7.6300 0.550141
7.6400 0.548825
7.6500 0.547514
7.6600 0.546208
7.6700 0.544906
7.6800 0.543609
7.6900 0.542317
7.7000 0.541029
7.7100 0.539746
7.7200 0.538467
7.7300 0.537193
7.7400 0.535923
7.7500 0.534658
7.7600 0.533397
7.7700 0.532141
7.7800 0.530889
7.7900 0.529642
7.8000 0.528398
7.8100 0.527160
7.8200 0.525925
7.8300 0.524695
7.8400 0.523469
7.8500 0.522248
7.8600 0.521030
7.8700 0.519817
7.8800 0.518608
7.8900 0.517404
7.9000 0.516203
7.9100 0.515007
7.9200 0.513815
7.9300 0.512627
7.9400 0.511443
7.9500 0.510263
7.9600 0.509087
7.9700 0.507915
7.9800 0.506747
7.9900 0.505584
8.0000 0.504424
8.0100 0.503268
8.0200 0.502116
8.0300 0.500968
8.0400 0.499824
8.0500 0.498684
8.0600 0.497548
8.0700 0.496416
8.0800 0.495287
8.0900 0.494162
8.1000 0.493042
8.1100 0.491924
8.1200 0.490811
8.1300 0.489702
8.1400 0.488596
8.1500 0.487494
8.1600 0.486396
8.1700 0.485301
8.1800 0.484210
8.1900 0.483123
8.2000 0.482039
8.2100 0.480959
8.2200 0.479883
8.2300 0.478810
8.2400 0.477741
8.2500 0.476675
8.2600 0.475613
8.2700 0.474554
8.2800 0.473499
8.2900 0.472448
8.3000 0.471400
8.3100 0.470355
8.3200 0.469314
8.3300 0.468276
8.3400 0.467242
8.3500 0.466211
8.3600 0.465184
8.3700 0.464160
8.3800 0.463139
8.3900 0.462122
8.4000 0.461108
8.4100 0.460097
8.4200 0.459090
8.4300 0.458086
8.4400 0.457085
8.4500 0.456088
8.4600 0.455093
8.4700 0.454102
8.4800 0.453115
8.4900 0.452130
8.5000 0.451149
8.5100 0.450171
8.5200 0.449196
8.5300 0.448224
8.5400 0.447255
8.5500 0.446290
8.5600 0.445327
8.5700 0.444368
8.5800 0.443412
8.5900 0.442459
8.6000 0.441509
8.6100 0.440562
8.6200 0.439618
8.6300 0.438677
8.6400 0.437739
8.6500 0.436804
8.6600 0.435872
8.6700 0.434943
8.6800 0.434017
8.6900 0.433094
8.7000 0.432174
8.7100 0.431257
8.7200 0.430343
8.7300 0.429431
8.7400 0.428523
8.7500 0.427617
8.7600 0.426715
8.7700 0.425815
8.7800 0.424918
8.7900 0.424024
8.8000 0.423132
8.8100 0.422244
8.8200 0.421358
8.8300 0.420475
8.8400 0.419595
8.8500 0.418718
8.8600 0.417843
8.8700 0.416972
8.8800 0.416102
8.8900 0.415236
8.9000 0.414372
8.9100 0.413511
8.9200 0.412653
8.9300 0.411797
8.9400 0.410945
8.9500 0.410094
8.9600 0.409247
8.9700 0.408402
8.9800 0.407559
8.9900 0.406720
9.0000 0.405882
9.0100 0.405048
9.0200 0.404216
9.0300 0.403387
9.0400 0.402560
9.0500 0.401736
9.0600 0.400914
9.0700 0.400095
9.0800 0.399278
9.0900 0.398464
9.1000 0.397652
9.1100 0.396843
9.1200 0.396037
9.1300 0.395232
9.1400 0.394431
9.1500 0.393632
9.1600 0.392835
9.1700 0.392040
9.1800 0.391249
9.1900 0.390459
9.2000 0.389672
9.2100 0.388887
9.2200 0.388105
9.2300 0.387325
9.2400 0.386548
9.2500 0.385773
9.2600 0.385000
9.2700 0.384229
9.2800 0.383461
9.2900 0.382696
9.3000 0.381932
9.3100 0.381171
9.3200 0.380412
9.3300 0.379656
9.3400 0.378902
9.3500 0.378150
9.3600 0.377400
9.3700 0.376653
9.3800 0.375908
9.3900 0.375165
9.4000 0.374424
9.4100 0.373686
9.4200 0.372950
9.4300 0.372216
9.4400 0.371484
9.4500 0.370755
9.4600 0.370028
9.4700 0.369302
9.4800 0.368579
9.4900 0.367859
9.5000 0.367140
9.5100 0.366424
9.5200 0.365709
9.5300 0.364997
9.5400 0.364287
9.5500 0.363579
9.5600 0.362874
9.5700 0.362170
9.5800 0.361469
9.5900 0.360769
9.6000 0.360072
9.6100 0.359377
9.6200 0.358684
9.6300 0.357992
9.6400 0.357303
9.6500 0.356617
9.6600 0.355932
9.6700 0.355249
9.6800 0.354568
9.6900 0.353889
9.7000 0.353213
9.7100 0.352538
9.7200 0.351865
9.7300 0.351194
9.7400 0.350526
9.7500 0.349859
9.7600 0.349194
9.7700 0.348532
9.7800 0.347871
9.7900 0.347212
9.8000 0.346556
9.8100 0.345901
9.8200 0.345248
9.8300 0.344597
9.8400 0.343948
9.8500 0.343301
9.8600 0.342656
9.8700 0.342013
9.8800 0.341371
9.8900 0.340732
9.9000 0.340095
9.9100 0.339459
9.9200 0.338826
9.9300 0.338194
9.9400 0.337564
9.9500 0.336936
9.9600 0.336310
9.9700 0.335686
9.9800 0.335064
9.9900 0.334443
10.0000 0.333825
10.0100 0.333208
10.0200 0.332593
10.0300 0.331980
10.0400 0.331369
10.0500 0.330760
10.0600 0.330152
10.0700 0.329546
10.0800 0.328943
10.0900 0.328341
10.1000 0.327740
10.1100 0.327142
10.1200 0.326545
10.1300 0.325951
10.1400 0.325358
10.1500 0.324767
10.1600 0.324177
10.1700 0.323590
10.1800 0.323004
10.1900 0.322420
10.2000 0.321837
10.2100 0.321257
10.2200 0.320678
10.2300 0.320101
10.2400 0.319526
10.2500 0.318953
10.2600 0.318381
10.2700 0.317811
10.2800 0.317243
10.2900 0.316676
10.3000 0.316112
10.3100 0.315549
10.3200 0.314988
10.3300 0.314428
10.3400 0.313870
10.3500 0.313314
10.3600 0.312760
10.3700 0.312208
10.3800 0.311657
10.3900 0.311108
10.4000 0.310560
10.4100 0.310014
10.4200 0.309470
10.4300 0.308928
10.4400 0.308388
10.4500 0.307849
10.4600 0.307311
10.4700 0.306776
10.4800 0.306242
10.4900 0.305710
10.5000 0.305180
10.5100 0.304651
10.5200 0.304124
10.5300 0.303599
10.5400 0.303075
10.5500 0.302553
10.5600 0.302033
10.5700 0.301514
10.5800 0.300997
10.5900 0.300482
10.6000 0.299968
10.6100 0.299456
10.6200 0.298946
10.6300 0.298438
10.6400 0.297931
10.6500 0.297426
10.6600 0.296922
10.6700 0.296420
10.6800 0.295920
10.6900 0.295421
10.7000 0.294924
10.7100 0.294429
10.7200 0.293936
10.7300 0.293444
10.7400 0.292954
10.7500 0.292465
10.7600 0.291978
10.7700 0.291493
10.7800 0.291009
10.7900 0.290527
10.8000 0.290047
10.8100 0.289569
10.8200 0.289092
10.8300 0.288616
10.8400 0.288143
10.8500 0.287671
10.8600 0.287201
10.8700 0.286732
10.8800 0.286265
10.8900 0.285800
10.9000 0.285336
10.9100 0.284874
10.9200 0.284414
10.9300 0.283955
10.9400 0.283498
10.9500 0.283043
10.9600 0.282589
10.9700 0.282137
10.9800 0.281687
10.9900 0.281239
11.0000 0.280792
11.0100 0.280346
11.0200 0.279903
11.0300 0.279461
11.0400 0.279021
11.0500 0.278582
11.0600 0.278146
11.0700 0.277710
11.0800 0.277277
11.0900 0.276845
11.1000 0.276415
11.1100 0.275987
11.1200 0.275560
11.1300 0.275135
11.1400 0.274712
11.1500 0.274290
11.1600 0.273871
11.1700 0.273452
11.1800 0.273036
11.1900 0.272621
11.2000 0.272208
11.2100 0.271797
11.2200 0.271387
11.2300 0.270980
11.2400 0.270574
11.2500 0.270169
11.2600 0.269767
11.2700 0.269366
11.2800 0.268967
11.2900 0.268569
11.3000 0.268174
11.3100 0.267780
11.3200 0.267388
11.3300 0.266998
11.3400 0.266609
11.3500 0.266222
11.3600 0.265837
11.3700 0.265454
11.3800 0.265073
11.3900 0.264693
11.4000 0.264315
11.4100 0.263939
11.4200 0.263565
11.4300 0.263193
11.4400 0.262822
11.4500 0.262453
11.4600 0.262086
11.4700 0.261721
11.4800 0.261358
11.4900 0.260997
11.5000 0.260637
11.5100 0.260279
11.5200 0.259923
11.5300 0.259569
11.5400 0.259217
11.5500 0.258867
11.5600 0.258519
11.5700 0.258172
11.5800 0.257828
11.5900 0.257485
11.6000 0.257144
11.6100 0.256805
11.6200 0.256468
11.6300 0.256133
11.6400 0.255800
11.6500 0.255469
11.6600 0.255140
11.6700 0.254813
11.6800 0.254488
11.6900 0.254164
11.7000 0.253843
11.7100 0.253524
11.7200 0.253207
11.7300 0.252891
11.7400 0.252578
11.7500 0.252267
11.7600 0.251957
11.7700 0.251650
11.7800 0.251345
11.7900 0.251042
11.8000 0.250741
11.8100 0.250442
11.8200 0.250145
11.8300 0.249850
11.8400 0.249558
11.8500 0.249267
11.8600 0.248979
11.8700 0.248692
11.8800 0.248408
11.8900 0.248126
11.9000 0.247846
11.9100 0.247568
11.9200 0.247293
11.9300 0.247019
11.9400 0.246748
11.9500 0.246479
11.9600 0.246213
11.9700 0.245948
11.9800 0.245686
11.9900 0.245426
12.0000 0.245168
12.0100 0.244912
12.0200 0.244659
12.0300 0.244408
12.0400 0.244159
12.0500 0.243913
12.0600 0.243669
12.0700 0.243427
12.0800 0.243188
12.0900 0.242951
12.1000 0.242716
12.1100 0.242484
12.1200 0.242254
12.1300 0.242027
12.1400 0.241802
12.1500 0.241579
12.1600 0.241359
12.1700 0.241142
12.1800 0.240927
12.1900 0.240714
12.2000 0.240504
12.2100 0.240296
12.2200 0.240091
12.2300 0.239888
12.2400 0.239688
12.2500 0.239491
12.2600 0.239296
12.2700 0.239104
12.2800 0.238914
12.2900 0.238727
12.3000 0.238542
12.3100 0.238361
12.3200 0.238182
12.3300 0.238005
12.3400 0.237831
12.3500 0.237660
12.3600 0.237492
12.3700 0.237327
12.3800 0.237164
12.3900 0.237004
12.4000 0.236847
12.4100 0.236692
12.4200 0.236541
12.4300 0.236392
12.4400 0.236246
12.4500 0.236103
12.4600 0.235963
12.4700 0.235826
12.4800 0.235692
12.4900 0.235561
12.5000 0.235432
12.5100 0.235307
12.5200 0.235184
12.5300 0.235065
12.5400 0.234949
12.5500 0.234836
12.5600 0.234725
12.5700 0.234618
12.5800 0.234514
12.5900 0.234413
12.6000 0.234316
12.6100 0.234221
12.6200 0.234130
12.6300 0.234041
12.6400 0.233956
12.6500 0.233875
12.6600 0.233796
12.6700 0.233721
12.6800 0.233649
12.6900 0.233580
12.7000 0.233515
12.7100 0.233453
12.7200 0.233395
12.7300 0.233339
12.7400 0.233288
12.7500 0.233240
12.7600 0.233195
12.7700 0.233153
12.7800 0.233116
12.7900 0.233081
12.8000 0.233051
12.8100 0.233023
12.8200 0.233000
12.8300 0.232980
12.8400 0.232963
12.8500 0.232951
12.8600 0.232942
12.8700 0.232937
12.8800 0.232935
12.8900 0.232937
12.9000 0.232943
12.9100 0.232953
12.9200 0.232967
12.9300 0.232984
12.9400 0.233005
12.9500 0.233031
12.9600 0.233060
12.9700 0.233093
12.9800 0.233130
12.9900 0.233171
13.0000 0.233216
13.0100 0.233265
13.0200 0.233318
13.0300 0.233375
13.0400 0.233437
13.0500 0.233502
13.0600 0.233572
13.0700 0.233646
13.0800 0.233724
13.0900 0.233806
13.1000 0.233893
13.1100 0.233984
13.1200 0.234079
13.1300 0.234179
13.1400 0.234283
13.1500 0.234392
13.1600 0.234504
13.1700 0.234622
13.1800 0.234744
13.1900 0.234870
13.2000 0.235001
13.2100 0.235137
13.2200 0.235277
13.2300 0.235422
13.2400 0.235571
13.2500 0.235725
13.2600 0.235884
13.2700 0.236048
13.2800 0.236216
13.2900 0.236389
13.3000 0.236567
13.3100 0.236750
13.3200 0.236938
13.3300 0.237131
13.3400 0.237329
13.3500 0.237532
13.3600 0.237740
13.3700 0.237953
13.3800 0.238171
13.3900 0.238394
13.4000 0.238622
13.4100 0.238856
13.4200 0.239094
13.4300 0.239338
13.4400 0.239588
13.4500 0.239842
13.4600 0.240102
13.4700 0.240367
13.4800 0.240638
13.4900 0.240914
13.5000 0.241196
13.5100 0.241483
13.5200 0.241776
13.5300 0.242075
13.5400 0.242379
13.5500 0.242688
13.5600 0.243004
13.5700 0.243325
13.5800 0.243652
13.5900 0.243985
13.6000 0.244323
13.6100 0.244668
13.6200 0.245018
13.6300 0.245374
13.6400 0.245737
13.6500 0.246105
13.6600 0.246479
13.6700 0.246860
13.6800 0.247246
13.6900 0.247639
13.7000 0.248038
13.7100 0.248443
13.7200 0.248855
13.7300 0.249273
13.7400 0.249697
13.7500 0.250128
13.7600 0.250565
13.7700 0.251008
13.7800 0.251459
13.7900 0.251915
13.8000 0.252378
13.8100 0.252848
13.8200 0.253325
13.8300 0.253808
13.8400 0.254298
13.8500 0.254795
13.8600 0.255299
13.8700 0.255809
13.8800 0.256327
13.8900 0.256851
13.9000 0.257383
13.9100 0.257921
13.9200 0.258467
13.9300 0.259020
13.9400 0.259580
13.9500 0.260147
13.9600 0.260721
13.9700 0.261303
13.9800 0.261892
13.9900 0.262489
14.0000 0.263092
14.0100 0.263704
14.0200 0.264323
14.0300 0.264949
14.0400 0.265583
14.0500 0.266225
14.0600 0.266875
14.0700 0.267532
14.0800 0.268197
14.0900 0.268870
14.1000 0.269551
14.1100 0.270239
14.1200 0.270936
14.1300 0.271641
14.1400 0.272353
14.1500 0.273074
14.1600 0.273803
14.1700 0.274541
14.1800 0.275286
14.1900 0.276040
14.2000 0.276802
14.2100 0.277573
14.2200 0.278352
14.2300 0.279139
14.2400 0.279935
14.2500 0.280740
14.2600 0.281554
14.2700 0.282376
14.2800 0.283206
14.2900 0.284046
14.3000 0.284895
14.3100 0.285752
14.3200 0.286618
14.3300 0.287494
14.3400 0.288378
14.3500 0.289271
14.3600 0.290174
14.3700 0.291086
14.3800 0.292007
14.3900 0.292937
14.4000 0.293877
14.4100 0.294826
14.4200 0.295785
14.4300 0.296753
14.4400 0.297731
14.4500 0.298718
14.4600 0.299715
14.4700 0.300722
14.4800 0.301739
14.4900 0.302765
14.5000 0.303801
14.5100 0.304848
14.5200 0.305904
14.5300 0.306970
14.5400 0.308047
14.5500 0.309133
14.5600 0.310230
14.5700 0.311337
14.5800 0.312455
14.5900 0.313583
14.6000 0.314721
14.6100 0.315870
14.6200 0.317029
14.6300 0.318199
14.6400 0.319380
14.6500 0.320571
14.6600 0.321774
14.6700 0.322987
14.6800 0.324211
14.6900 0.325446
14.7000 0.326692
14.7100 0.327949
14.7200 0.329217
14.7300 0.330497
14.7400 0.331787
14.7500 0.333089
14.7600 0.334403
14.7700 0.335728
14.7800 0.337064
14.7900 0.338412
14.8000 0.339772
14.8100 0.341143
14.8200 0.342526
14.8300 0.343921
14.8400 0.345328
14.8500 0.346746
14.8600 0.348177
14.8700 0.349620
14.8800 0.351075
14.8900 0.352542
14.9000 0.354021
14.9100 0.355513
14.9200 0.357017
14.9300 0.358533
14.9400 0.360062
14.9500 0.361604
14.9600 0.363158
14.9700 0.364725
14.9800 0.366305
14.9900 0.367897
15.0000 0.369502
15.0100 0.371121
15.0200 0.372752
15.0300 0.374397
15.0400 0.376054
15.0500 0.377725
15.0600 0.379409
15.0700 0.381107
15.0800 0.382818
15.0900 0.384542
15.1000 0.386280
15.1100 0.388032
15.1200 0.389797
15.1300 0.391576
15.1400 0.393369
15.1500 0.395176
15.1600 0.396997
15.1700 0.398832
15.1800 0.400681
15.1900 0.402544
15.2000 0.404421
15.2100 0.406313
15.2200 0.408219
15.2300 0.410140
15.2400 0.412075
15.2500 0.414025
15.2600 0.415989
15.2700 0.417968
15.2800 0.419962
15.2900 0.421971
15.3000 0.423995
15.3100 0.426034
15.3200 0.428088
15.3300 0.430157
15.3400 0.432241
15.3500 0.434341
15.3600 0.436456
15.3700 0.438587
15.3800 0.440733
15.3900 0.442895
15.4000 0.445072
15.4100 0.447265
15.4200 0.449474
15.4300 0.451699
15.4400 0.453940
15.4500 0.456197
15.4600 0.458470
15.4700 0.460760
15.4800 0.463066
15.4900 0.465388
15.5000 0.467726
15.5100 0.470081
15.5200 0.472453
15.5300 0.474841
15.5400 0.477246
15.5500 0.479668
15.5600 0.482107
15.5700 0.484563
15.5800 0.487036
15.5900 0.489526
15.6000 0.492033
15.6100 0.494558
15.6200 0.497100
15.6300 0.499659
15.6400 0.502236
15.6500 0.504831
15.6600 0.507443
15.6700 0.510073
15.6800 0.512721
15.6900 0.515387
15.7000 0.518071
15.7100 0.520773
15.7200 0.523493
15.7300 0.526231
15.7400 0.528988
15.7500 0.531763
15.7600 0.534557
15.7700 0.537369
15.7800 0.540200
15.7900 0.543050
15.8000 0.545918
15.8100 0.548806
15.8200 0.551712
15.8300 0.554638
15.8400 0.557583
15.8500 0.560547
15.8600 0.563530
15.8700 0.566533
15.8800 0.569555
15.8900 0.572597
15.9000 0.575659
15.9100 0.578740
15.9200 0.581841
15.9300 0.584963
15.9400 0.588104
15.9500 0.591265
15.9600 0.594446
15.9700 0.597648
15.9800 0.600870
15.9900 0.604113
16.0000 0.607376
16.0100 0.610660
16.0200 0.613964
16.0300 0.617288
16.0400 0.620636
16.0500 0.624003
16.0600 0.627392
16.0700 0.630800
16.0800 0.634231
16.0900 0.637683
16.1000 0.641156
16.1100 0.644651
16.1200 0.648166
16.1300 0.651707
16.1400 0.655265
16.1500 0.658847
16.1600 0.662451
16.1700 0.666077
16.1800 0.669725
16.1900 0.673394
16.2000 0.677087
16.2100 0.680802
16.2200 0.684541
16.2300 0.688300
16.2400 0.692082
16.2500 0.695888
16.2600 0.699716
16.2700 0.703568
16.2800 0.707441
16.2900 0.711340
16.3000 0.715260
16.3100 0.719206
16.3200 0.723172
16.3300 0.727163
16.3400 0.731178
16.3500 0.735216
16.3600 0.739278
16.3700 0.743364
16.3800 0.747476
16.3900 0.751609
16.4000 0.755767
16.4100 0.759950
16.4200 0.764157
16.4300 0.768388
16.4400 0.772643
16.4500 0.776925
16.4600 0.781231
16.4700 0.785562
16.4800 0.789916
16.4900 0.794297
16.5000 0.798702
16.5100 0.803133
16.5200 0.807589
16.5300 0.812070
16.5400 0.816578
16.5500 0.821110
16.5600 0.825669
16.5700 0.830253
16.5800 0.834863
16.5900 0.839499
16.6000 0.844161
16.6100 0.848850
16.6200 0.853565
16.6300 0.858306
16.6400 0.863074
16.6500 0.867868
16.6600 0.872689
16.6700 0.877537
16.6800 0.882412
16.6900 0.887314
16.7000 0.892243
16.7100 0.897199
16.7200 0.902183
16.7300 0.907193
16.7400 0.912232
16.7500 0.917298
16.7600 0.922392
16.7700 0.927513
16.7800 0.932663
16.7900 0.937841
16.8000 0.943046
16.8100 0.948280
16.8200 0.953543
16.8300 0.958833
16.8400 0.964153
16.8500 0.969500
16.8600 0.974877
16.8700 0.980283
16.8800 0.985717
16.8900 0.991181
16.9000 0.996673
16.9100 1.002195
16.9200 1.007747
16.9300 1.013327
16.9400 1.018938
16.9500 1.024578
16.9600 1.030248
16.9700 1.035948
16.9800 1.041677
16.9900 1.047437
17.0000 1.053227
17.0100 1.059048
17.0200 1.064898
17.0300 1.070780
17.0400 1.076692
17.0500 1.082634
17.0600 1.088608
17.0700 1.094612
17.0800 1.100648
17.0900 1.106715
17.1000 1.112813
17.1100 1.118942
17.1200 1.125103
17.1300 1.131296
17.1400 1.137520
17.1500 1.143776
17.1600 1.150064
17.1700 1.156384
17.1800 1.162736
17.1900 1.169120
17.2000 1.175537
17.2100 1.181986
17.2200 1.188467
17.2300 1.194982
17.2400 1.201529
17.2500 1.208109
17.2600 1.214722
17.2700 1.221368
17.2800 1.228048
17.2900 1.234760
17.3000 1.241507
17.3100 1.248286
17.3200 1.255100
17.3300 1.261947
17.3400 1.268828
17.3500 1.275743
17.3600 1.282692
17.3700 1.289676
17.3800 1.296694
17.3900 1.303746
17.4000 1.310832
17.4100 1.317954
17.4200 1.325110
17.4300 1.332301
17.4400 1.339527
17.4500 1.346788
17.4600 1.354085
17.4700 1.361417
17.4800 1.368784
17.4900 1.376187
17.5000 1.383625
17.5100 1.391099
17.5200 1.398609
17.5300 1.406155
17.5400 1.413738
17.5500 1.421356
17.5600 1.429011
17.5700 1.436702
17.5800 1.444430
17.5900 1.452195
17.6000 1.459996
17.6100 1.467835
17.6200 1.475710
17.6300 1.483623
17.6400 1.491573
17.6500 1.499560
17.6600 1.507584
17.6700 1.515647
17.6800 1.523747
17.6900 1.531885
17.7000 1.540060
17.7100 1.548274
17.7200 1.556526
17.7300 1.564817
17.7400 1.573146
17.7500 1.581513
17.7600 1.589919
17.7700 1.598364
17.7800 1.606847
17.7900 1.615370
17.8000 1.623932
17.8100 1.632533
17.8200 1.641173
17.8300 1.649853
17.8400 1.658572
17.8500 1.667331
17.8600 1.676130
17.8700 1.684969
17.8800 1.693848
17.8900 1.702767
17.9000 1.711726
17.9100 1.720726
17.9200 1.729766
17.9300 1.738847
17.9400 1.747969
17.9500 1.757131
17.9600 1.766335
17.9700 1.775579
17.9800 1.784865
17.9900 1.794192
18.0000 1.803561
18.0100 1.812971
18.0200 1.822423
18.0300 1.831917
18.0400 1.841452
18.0500 1.851030
18.0600 1.860650
18.0700 1.870312
18.0800 1.880017
18.0900 1.889764
18.1000 1.899554
18.1100 1.909386
18.1200 1.919262
18.1300 1.929180
18.1400 1.939142
18.1500 1.949146
18.1600 1.959195
18.1700 1.969286
18.1800 1.979422
18.1900 1.989601
18.2000 1.999824
18.2100 2.010090
18.2200 2.020401
18.2300 2.030756
18.2400 2.041156
18.2500 2.051600
18.2600 2.062088
18.2700 2.072622
18.2800 2.083200
18.2900 2.093822
18.3000 2.104490
18.3100 2.115204
18.3200 2.125962
18.3300 2.136766
18.3400 2.147615
18.3500 2.158510
18.3600 2.169451
18.3700 2.180438
18.3800 2.191471
18.3900 2.202550
18.4000 2.213675
18.4100 2.224846
18.4200 2.236064
18.4300 2.247329
18.4400 2.258641
18.4500 2.269999
18.4600 2.281404
18.4700 2.292857
18.4800 2.304356
18.4900 2.315903
18.5000 2.327498
18.5100 2.339140
18.5200 2.350830
18.5300 2.362568
18.5400 2.374353
18.5500 2.386187
18.5600 2.398069
18.5700 2.409999
18.5800 2.421978
18.5900 2.434006
18.6000 2.446082
18.6100 2.458207
18.6200 2.470380
18.6300 2.482603
18.6400 2.494876
18.6500 2.507197
18.6600 2.519568
18.6700 2.531988
18.6800 2.544459
18.6900 2.556979
18.7000 2.569549
18.7100 2.582169
18.7200 2.594839
18.7300 2.607559
18.7400 2.620330
18.7500 2.633152
18.7600 2.646024
18.7700 2.658947
18.7800 2.671921
18.7900 2.684946
18.8000 2.698022
18.8100 2.711149
18.8200 2.724328
18.8300 2.737558
18.8400 2.750840
18.8500 2.764174
18.8600 2.777560
18.8700 2.790997
18.8800 2.804487
18.8900 2.818030
18.9000 2.831624
18.9100 2.845271
18.9200 2.858971
18.9300 2.872724
18.9400 2.886529
18.9500 2.900388
18.9600 2.914299
18.9700 2.928264
18.9800 2.942283
18.9900 2.956354
19.0000 2.970480
19.0100 2.984659
19.0200 2.998892
19.0300 3.013179
19.0400 3.027521
19.0500 3.041916
19.0600 3.056366
19.0700 3.070871
19.0800 3.085430
19.0900 3.100044
19.1000 3.114713
19.1100 3.129436
19.1200 3.144215
19.1300 3.159049
19.1400 3.173939
19.1500 3.188884
19.1600 3.203885
19.1700 3.218941
19.1800 3.234054
19.1900 3.249222
19.2000 3.264446
19.2100 3.279727
19.2200 3.295064
19.2300 3.310458
19.2400 3.325908
19.2500 3.341415
19.2600 3.356979
19.2700 3.372600
19.2800 3.388278
19.2900 3.404013
19.3000 3.419806
19.3100 3.435656
19.3200 3.451564
19.3300 3.467529
19.3400 3.483552
19.3500 3.499634
19.3600 3.515773
19.3700 3.531971
19.3800 3.548227
19.3900 3.564541
19.4000 3.580915
19.4100 3.597346
19.4200 3.613837
19.4300 3.630387
19.4400 3.646996
19.4500 3.663664
19.4600 3.680391
19.4700 3.697178
19.4800 3.714025
19.4900 3.730931
19.5000 3.747897
19.5100 3.764923
19.5200 3.782009
19.5300 3.799156
19.5400 3.816363
19.5500 3.833630
19.5600 3.850958
19.5700 3.868346
19.5800 3.885796
19.5900 3.903306
19.6000 3.920877
19.6100 3.938510
19.6200 3.956204
19.6300 3.973960
19.6400 3.991777
19.6500 4.009655
19.6600 4.027596
19.6700 4.045598
19.6800 4.063663
19.6900 4.081790
19.7000 4.099979
19.7100 4.118231
19.7200 4.136545
19.7300 4.154922
19.7400 4.173361
19.7500 4.191864
19.7600 4.210430
19.7700 4.229059
19.7800 4.247751
19.7900 4.266507
19.8000 4.285326
19.8100 4.304209
19.8200 4.323155
19.8300 4.342166
19.8400 4.361241
19.8500 4.380379
19.8600 4.399583
19.8700 4.418850
19.8800 4.438182
19.8900 4.457579
19.9000 4.477041
19.9100 4.496567
19.9200 4.516159
19.9300 4.535815
19.9400 4.555537
19.9500 4.575324
19.9600 4.595177
19.9700 4.615096
19.9800 4.635080
19.9900 4.655130
20.0000 4.675246
20.0100 4.695428
20.0200 4.715677
20.0300 4.735992
20.0400 4.756373
20.0500 4.776821
20.0600 4.797336
20.0700 4.817918
20.0800 4.838566
20.0900 4.859282
20.1000 4.880065
20.1100 4.900915
20.1200 4.921833
20.1300 4.942818
20.1400 4.963871
20.1500 4.984992
20.1600 5.006181
20.1700 5.027437
20.1800 5.048763
20.1900 5.070156
20.2000 5.091618
20.2100 5.113148
20.2200 5.134747
20.2300 5.156415
20.2400 5.178152
20.2500 5.199957
20.2600 5.221832
20.2700 5.243777
20.2800 5.265790
20.2900 5.287873
20.3000 5.310026
20.3100 5.332249
20.3200 5.354541
20.3300 5.376903
20.3400 5.399336
20.3500 5.421839
20.3600 5.444412
20.3700 5.467055
20.3800 5.489770
20.3900 5.512554
20.4000 5.535410
20.4100 5.558337
20.4200 5.581335
20.4300 5.604404
20.4400 5.627544
20.4500 5.650755
20.4600 5.674039
20.4700 5.697393
20.4800 5.720820
20.4900 5.744319
20.5000 5.767889
20.5100 5.791532
20.5200 5.815247
20.5300 5.839034
20.5400 5.862894
20.5500 5.886826
20.5600 5.910832
20.5700 5.934910
20.5800 5.959060
20.5900 5.983284
20.6000 6.007582
20.6100 6.031952
20.6200 6.056396
20.6300 6.080914
20.6400 6.105505
20.6500 6.130170
20.6600 6.154909
20.6700 6.179721
20.6800 6.204608
20.6900 6.229570
20.7000 6.254605
20.7100 6.279715
20.7200 6.304900
20.7300 6.330159
20.7400 6.355494
20.7500 6.380903
20.7600 6.406387
20.7700 6.431946
20.7800 6.457581
20.7900 6.483291
20.8000 6.509076
20.8100 6.534938
20.8200 6.560875
20.8300 6.586887
20.8400 6.612976
20.8500 6.639141
20.8600 6.665382
20.8700 6.691699
20.8800 6.718093
20.8900 6.744564
20.9000 6.771111
20.9100 6.797734
20.9200 6.824435
20.9300 6.851213
20.9400 6.878068
20.9500 6.905000
20.9600 6.932009
20.9700 6.959096
20.9800 6.986260
20.9900 7.013502
21.0000 7.040822
21.0100 7.068220
21.0200 7.095696
21.0300 7.123250
21.0400 7.150882
21.0500 7.178593
21.0600 7.206382
21.0700 7.234249
21.0800 7.262195
21.0900 7.290221
21.1000 7.318325
21.1100 7.346508
21.1200 7.374770
21.1300 7.403111
21.1400 7.431532
21.1500 7.460032
21.1600 7.488612
21.1700 7.517271
21.1800 7.546011
21.1900 7.574830
21.2000 7.603729
21.2100 7.632709
21.2200 7.661768
21.2300 7.690908
21.2400 7.720129
21.2500 7.749430
21.2600 7.778811
21.2700 7.808274
21.2800 7.837817
21.2900 7.867441
21.3000 7.897147
21.3100 7.926934
21.3200 7.956802
21.3300 7.986751
21.3400 8.016782
21.3500 8.046895
21.3600 8.077089
21.3700 8.107366
21.3800 8.137724
21.3900 8.168164
21.4000 8.198687
21.4100 8.229292
21.4200 8.259979
21.4300 8.290749
21.4400 8.321601
21.4500 8.352536
21.4600 8.383554
21.4700 8.414655
21.4800 8.445839
21.4900 8.477106
21.5000 8.508457
21.5100 8.539890
21.5200 8.571408
21.5300 8.603008
21.5400 8.634693
21.5500 8.666461
21.5600 8.698313
21.5700 8.730249
21.5800 8.762270
21.5900 8.794374
21.6000 8.826563
21.6100 8.858836
21.6200 8.891194
21.6300 8.923636
21.6400 8.956163
21.6500 8.988775
21.6600 9.021471
21.6700 9.054253
21.6800 9.087120
21.6900 9.120072
21.7000 9.153110
21.7100 9.186233
21.7200 9.219441
21.7300 9.252735
21.7400 9.286115
21.7500 9.319581
21.7600 9.353133
21.7700 9.386770
21.7800 9.420494
21.7900 9.454304
21.8000 9.488201
21.8100 9.522184
21.8200 9.556253
21.8300 9.590409
21.8400 9.624652
21.8500 9.658982
21.8600 9.693399
21.8700 9.727903
21.8800 9.762494
21.8900 9.797172
21.9000 9.831937
21.9100 9.866790
21.9200 9.901731
21.9300 9.936759
21.9400 9.971875
21.9500 10.007079
21.9600 10.042371
21.9700 10.077751
21.9800 10.113219
21.9900 10.148775
22.0000 10.184419
22.0100 10.220152
22.0200 10.255974
22.0300 10.291884
22.0400 10.327883
22.0500 10.363970
22.0600 10.400147
22.0700 10.436413
22.0800 10.472767
22.0900 10.509211
22.1000 10.545744
22.1100 10.582367
22.1200 10.619079
22.1300 10.655881
22.1400 10.692772
22.1500 10.729753
22.1600 10.766824
22.1700 10.803985
22.1800 10.841236
22.1900 10.878578
22.2000 10.916009
22.2100 10.953531
22.2200 10.991143
22.2300 11.028846
22.2400 11.066639
22.2500 11.104523
22.2600 11.142498
22.2700 11.180564
22.2800 11.218721
22.2900 11.256969
22.3000 11.295308
22.3100 11.333738
22.3200 11.372260
22.3300 11.410873
22.3400 11.449577
22.3500 11.488374
22.3600 11.527262
22.3700 11.566241
22.3800 11.605313
22.3900 11.644477
22.4000 11.683733
22.4100 11.723081
22.4200 11.762521
22.4300 11.802053
22.4400 11.841678
22.4500 11.881396
22.4600 11.921206
22.4700 11.961109
22.4800 12.001105
22.4900 12.041193
22.5000 12.081375
22.5100 12.121649
22.5200 12.162017
22.5300 12.202478
22.5400 12.243032
22.5500 12.283680
22.5600 12.324421
22.5700 12.365256
22.5800 12.406184
22.5900 12.447206
22.6000 12.488322
22.6100 12.529532
22.6200 12.570836
22.6300 12.612234
22.6400 12.653727
22.6500 12.695313
22.6600 12.736994
22.6700 12.778769
22.6800 12.820639
22.6900 12.862603
22.7000 12.904663
22.7100 12.946816
22.7200 12.989065
22.7300 13.031409
22.7400 13.073847
22.7500 13.116381
22.7600 13.159010
22.7700 13.201734
22.7800 13.244554
22.7900 13.287469
22.8000 13.330480
22.8100 13.373586
22.8200 13.416788
22.8300 13.460085
22.8400 13.503479
22.8500 13.546968
22.8600 13.590553
22.8700 13.634235
22.8800 13.678012
22.8900 13.721886
22.9000 13.765856
22.9100 13.809923
22.9200 13.854086
22.9300 13.898345
22.9400 13.942702
22.9500 13.987155
22.9600 14.031704
22.9700 14.076351
22.9800 14.121095
22.9900 14.165935
23.0000 14.210873
23.0100 14.255908
23.0200 14.301040
23.0300 14.346269
23.0400 14.391596
23.0500 14.437021
23.0600 14.482543
23.0700 14.528162
23.0800 14.573880
23.0900 14.619695
23.1000 14.665608
23.1100 14.711619
23.1200 14.757728
23.1300 14.803935
23.1400 14.850240
23.1500 14.896644
23.1600 14.943146
23.1700 14.989746
23.1800 15.036444
23.1900 15.083242
23.2000 15.130137
23.2100 15.177132
23.2200 15.224225
23.2300 15.271417
23.2400 15.318708
23.2500 15.366098
23.2600 15.413587
23.2700 15.461176
23.2800 15.508863
23.2900 15.556650
23.3000 15.604536
23.3100 15.652521
23.3200 15.700606
23.3300 15.748790
23.3400 15.797074
23.3500 15.845458
23.3600 15.893941
23.3700 15.942525
23.3800 15.991208
23.3900 16.039991
23.4000 16.088875
23.4100 16.137857
23.4200 16.186941
23.4300 16.236126
23.4400 16.285410
23.4500 16.334793
23.4600 16.384277
23.4700 16.433863
23.4800 16.483549
23.4900 16.533335
23.5000 16.583223
23.5100 16.633211
23.5200 16.683298
23.5300 16.733488
23.5400 16.783779
23.5500 16.834171
23.5600 16.884665
23.5700 16.935259
23.5800 16.985954
23.5900 17.036751
23.6000 17.087648
23.6100 17.138647
23.6200 17.189749
23.6300 17.240952
23.6400 17.292255
23.6500 17.343660
23.6600 17.395168
23.6700 17.446777
23.6800 17.498487
23.6900 17.550301
23.7000 17.602217
23.7100 17.654234
23.7200 17.706352
23.7300 17.758574
23.7400 17.810898
23.7500 17.863323
23.7600 17.915852
23.7700 17.968481
23.7800 18.021215
23.7900 18.074051
23.8000 18.126989
23.8100 18.180031
23.8200 18.233173
23.8300 18.286421
23.8400 18.339769
23.8500 18.393223
23.8600 18.446777
23.8700 18.500435
23.8800 18.554197
23.8900 18.608061
23.9000 18.662027
23.9100 18.716099
23.9200 18.770273
23.9300 18.824551
23.9400 18.878931
23.9500 18.933416
23.9600 18.988003
23.9700 19.042694
23.9800 19.097490
23.9900 19.152388
24.0000 19.207392
24.0100 19.262497
24.0200 19.317707
24.0300 19.373020
24.0400 19.428438
24.0500 19.483961
24.0600 19.539587
24.0700 19.595318
24.0800 19.651152
24.0900 19.707090
24.1000 19.763132
24.1100 19.819281
24.1200 19.875530
24.1300 19.931887
24.1400 19.988348
24.1500 20.044912
24.1600 20.101582
24.1700 20.158358
24.1800 20.215237
24.1900 20.272219
24.2000 20.329308
24.2100 20.386501
24.2200 20.443798
24.2300 20.501202
24.2400 20.558710
24.2500 20.616323
24.2600 20.674042
24.2700 20.731865
24.2800 20.789795
24.2900 20.847828
24.3000 20.905968
24.3100 20.964211
24.3200 21.022560
24.3300 21.081017
24.3400 21.139578
24.3500 21.198242
24.3600 21.257015
24.3700 21.315891
24.3800 21.374874
24.3900 21.433964
24.4000 21.493158
24.4100 21.552460
24.4200 21.611864
24.4300 21.671377
24.4400 21.730995
24.4500 21.790718
24.4600 21.850548
24.4700 21.910484
24.4800 21.970526
24.4900 22.030676
24.5000 22.090929
24.5100 22.151291
24.5200 22.211758
24.5300 22.272329
24.5400 22.333010
24.5500 22.393797
24.5600 22.454687
24.5700 22.515688
24.5800 22.576792
24.5900 22.638004
24.6000 22.699324
24.6100 22.760748
24.6200 22.822281
24.6300 22.883919
24.6400 22.945663
24.6500 23.007517
24.6600 23.069475
24.6700 23.131542
24.6800 23.193714
24.6900 23.255995
24.7000 23.318382
24.7100 23.380877
24.7200 23.443478
24.7300 23.506186
24.7400 23.569000
24.7500 23.631922
24.7600 23.694952
24.7700 23.758089
24.7800 23.821333
24.7900 23.884686
24.8000 23.948145
24.8100 24.011709
24.8200 24.075384
24.8300 24.139166
24.8400 24.203054
24.8500 24.267052
24.8600 24.331156
24.8700 24.395367
24.8800 24.459684
24.8900 24.524113
24.9000 24.588648
24.9100 24.653290
24.9200 24.718040
24.9300 24.782898
24.9400 24.847862
24.9500 24.912937
24.9600 24.978119
24.9700 25.043407
24.9800 25.108807
24.9900 25.174313
25.0000 25.239925
25.0100 25.305647
25.0200 25.371477
25.0300 25.437414
25.0400 25.503462
25.0500 25.569614
25.0600 25.635878
25.0700 25.702248
25.0800 25.768726
25.0900 25.835316
25.1000 25.902010
25.1100 25.968815
25.1200 26.035727
25.1300 26.102749
25.1400 26.169876
25.1500 26.237116
25.1600 26.304461
25.1700 26.371916
25.1800 26.439480
25.1900 26.507151
25.2000 26.574932
25.2100 26.642820
25.2200 26.710819
25.2300 26.778927
25.2400 26.847141
25.2500 26.915464
25.2600 26.983898
25.2700 27.052441
25.2800 27.121090
25.2900 27.189850
25.3000 27.258718
25.3100 27.327696
25.3200 27.396782
25.3300 27.465977
25.3400 27.535278
25.3500 27.604692
25.3600 27.674213
25.3700 27.743845
25.3800 27.813585
25.3900 27.883434
25.4000 27.953392
25.4100 28.023458
25.4200 28.093636
25.4300 28.163921
25.4400 28.234316
25.4500 28.304819
25.4600 28.375433
25.4700 28.446156
25.4800 28.516987
25.4900 28.587927
25.5000 28.658978
25.5100 28.730137
25.5200 28.801407
25.5300 28.872784
25.5400 28.944271
25.5500 29.015867
25.5600 29.087576
25.5700 29.159389
25.5800 29.231316
25.5900 29.303350
25.6000 29.375494
25.6100 29.447748
25.6200 29.520111
25.6300 29.592585
25.6400 29.665167
25.6500 29.737858
25.6600 29.810659
25.6700 29.883570
25.6800 29.956591
25.6900 30.029720
25.7000 30.102961
25.7100 30.176310
25.7200 30.249767
25.7300 30.323338
25.7400 30.397017
25.7500 30.470804
25.7600 30.544703
25.7700 30.618710
25.7800 30.692825
25.7900 30.767054
25.8000 30.841391
25.8100 30.915836
25.8200 30.990393
25.8300 31.065060
25.8400 31.139835
25.8500 31.214722
25.8600 31.289717
25.8700 31.364822
25.8800 31.440037
25.8900 31.515364
25.9000 31.590797
25.9100 31.666342
25.9200 31.741997
25.9300 31.817762
25.9400 31.893637
25.9500 31.969622
25.9600 32.045715
25.9700 32.121922
25.9800 32.198235
25.9900 32.274658
26.0000 32.351192
26.0100 32.427837
26.0200 32.504593
26.0300 32.581455
26.0400 32.658428
26.0500 32.735516
26.0600 32.812710
26.0700 32.890011
26.0800 32.967426
26.0900 33.044952
26.1000 33.122585
26.1100 33.200329
26.1200 33.278183
26.1300 33.356148
26.1400 33.434223
26.1500 33.512405
26.1600 33.590702
26.1700 33.669106
26.1800 33.747620
26.1900 33.826244
26.2000 33.904980
26.2100 33.983826
26.2200 34.062778
26.2300 34.141842
26.2400 34.221020
26.2500 34.300304
26.2600 34.379700
26.2700 34.459206
26.2800 34.538818
26.2900 34.618546
26.3000 34.698380
26.3100 34.778324
26.3200 34.858379
26.3300 34.938545
26.3400 35.018822
26.3500 35.099209
26.3600 35.179703
26.3700 35.260307
26.3800 35.341026
26.3900 35.421852
26.4000 35.502789
26.4100 35.583836
26.4200 35.664989
26.4300 35.746258
26.4400 35.827633
26.4500 35.909119
26.4600 35.990715
26.4700 36.072422
26.4800 36.154240
26.4900 36.236164
26.5000 36.318203
26.5100 36.400349
26.5200 36.482605
26.5300 36.564972
26.5400 36.647449
26.5500 36.730038
26.5600 36.812733
26.5700 36.895542
26.5800 36.978458
26.5900 37.061485
26.6000 37.144623
26.6100 37.227867
26.6200 37.311226
26.6300 37.394691
26.6400 37.478268
26.6500 37.561954
26.6600 37.645752
26.6700 37.729660
26.6800 37.813675
26.6900 37.897800
26.7000 37.982040
26.7100 38.066383
26.7200 38.150841
26.7300 38.235409
26.7400 38.320084
26.7500 38.404869
26.7600 38.489765
26.7700 38.574772
26.7800 38.659885
26.7900 38.745113
26.8000 38.830448
26.8100 38.915894
26.8200 39.001446
26.8300 39.087112
26.8400 39.172886
26.8500 39.258770
26.8600 39.344765
26.8700 39.430866
26.8800 39.517082
26.8900 39.603405
26.9000 39.689838
26.9100 39.776379
26.9200 39.863029
26.9300 39.949795
26.9400 40.036667
26.9500 40.123646
26.9600 40.210735
26.9700 40.297935
26.9800 40.385246
26.9900 40.472668
27.0000 40.560196
27.0100 40.647835
27.0200 40.735584
27.0300 40.823441
27.0400 40.911407
27.0500 40.999485
27.0600 41.087669
27.0700 41.175968
27.0800 41.264374
27.0900 41.352886
27.1000 41.441509
27.1100 41.530243
27.1200 41.619087
27.1300 41.708038
27.1400 41.797100
27.1500 41.886272
27.1600 41.975552
27.1700 42.064941
27.1800 42.154442
27.1900 42.244049
27.2000 42.333763
27.2100 42.423592
27.2200 42.513527
27.2300 42.603573
27.2400 42.693726
27.2500 42.783989
27.2600 42.874359
27.2700 42.964844
27.2800 43.055431
27.2900 43.146133
27.3000 43.236938
27.3100 43.327858
27.3200 43.418884
27.3300 43.510017
27.3400 43.601265
27.3500 43.692616
27.3600 43.784081
27.3700 43.875648
27.3800 43.967331
27.3900 44.059120
27.4000 44.151016
27.4100 44.243023
27.4200 44.335136
27.4300 44.427361
27.4400 44.519695
27.4500 44.612137
27.4600 44.704685
27.4700 44.797344
27.4800 44.890110
27.4900 44.982986
27.5000 45.075970
27.5100 45.169064
27.5200 45.262264
27.5300 45.355576
27.5400 45.448994
27.5500 45.542519
27.5600 45.636154
27.5700 45.729897
27.5800 45.823750
27.5900 45.917709
27.6000 46.011780
27.6100 46.105957
27.6200 46.200241
27.6300 46.294636
27.6400 46.389133
27.6500 46.483746
27.6600 46.578465
27.6700 46.673290
27.6800 46.768223
27.6900 46.863262
27.7000 46.958416
27.7100 47.053673
27.7200 47.149036
27.7300 47.244511
27.7400 47.340096
27.7500 47.435783
27.7600 47.531582
27.7700 47.627487
27.7800 47.723499
27.7900 47.819622
27.8000 47.915848
27.8100 48.012184
27.8200 48.108631
27.8300 48.205181
27.8400 48.301842
27.8500 48.398605
27.8600 48.495480
27.8700 48.592464
27.8800 48.689552
27.8900 48.786751
27.9000 48.884052
27.9100 48.981464
27.9200 49.078983
27.9300 49.176609
27.9400 49.274342
27.9500 49.372185
27.9600 49.470131
27.9700 49.568184
27.9800 49.666348
27.9900 49.764614
28.0000 49.862991
28.0100 49.961475
28.0200 50.060066
28.0300 50.158764
28.0400 50.257568
28.0500 50.356480
28.0600 50.455494
28.0700 50.554619
28.0800 50.653851
28.0900 50.753189
28.1000 50.852634
28.1100 50.952187
28.1200 51.051842
28.1300 51.151608
28.1400 51.251480
28.1500 51.351456
28.1600 51.451542
28.1700 51.551731
28.1800 51.652027
28.1900 51.752434
28.2000 51.852943
28.2100 51.953556
28.2200 52.054279
28.2300 52.155109
28.2400 52.256042
28.2500 52.357082
28.2600 52.458229
28.2700 52.559483
28.2800 52.660843
28.2900 52.762306
28.3000 52.863876
28.3100 52.965553
28.3200 53.067337
28.3300 53.169224
28.3400 53.271217
28.3500 53.373318
28.3600 53.475525
28.3700 53.577835
28.3800 53.680248
28.3900 53.782772
28.4000 53.885399
28.4100 53.988132
28.4200 54.090973
28.4300 54.193916
28.4400 54.296967
28.4500 54.400120
28.4600 54.503380
28.4700 54.606743
28.4800 54.710213
28.4900 54.813789
28.5000 54.917469
28.5100 55.021255
28.5200 55.125145
28.5300 55.229141
28.5400 55.333241
28.5500 55.437447
28.5600 55.541756
28.5700 55.646172
28.5800 55.750690
28.5900 55.855312
28.6000 55.960041
28.6100 56.064877
28.6200 56.169811
28.6300 56.274857
28.6400 56.380001
28.6500 56.485252
28.6600 56.590607
28.6700 56.696068
28.6800 56.801632
28.6900 56.907299
28.7000 57.013073
28.7100 57.118950
28.7200 57.224930
28.7300 57.331013
28.7400 57.437202
28.7500 57.543495
28.7600 57.649891
28.7700 57.756390
28.7800 57.862995
28.7900 57.969704
28.8000 58.076511
28.8100 58.183430
28.8200 58.290447
28.8300 58.397568
28.8400 58.504795
28.8500 58.612122
28.8600 58.719555
28.8700 58.827091
28.8800 58.934731
28.8900 59.042473
28.9000 59.150314
28.9100 59.258266
28.9200 59.366318
28.9300 59.474468
28.9400 59.582729
28.9500 59.691090
28.9600 59.799549
28.9700 59.908115
28.9800 60.016785
28.9900 60.125557
29.0000 60.234432
29.0100 60.343407
29.0200 60.452488
29.0300 60.561668
29.0400 60.670952
29.0500 60.780338
29.0600 60.889828
29.0700 60.999420
29.0800 61.109112
29.0900 61.218910
29.1000 61.328808
29.1100 61.438805
29.1200 61.548908
29.1300 61.659111
29.1400 61.769417
29.1500 61.879826
29.1600 61.990334
29.1700 62.100945
29.1800 62.211658
29.1900 62.322472
29.2000 62.433388
29.2100 62.544407
29.2200 62.655525
29.2300 62.766747
29.2400 62.878067
29.2500 62.989491
29.2600 63.101013
29.2700 63.212639
29.2800 63.324368
29.2900 63.436192
29.3000 63.548122
29.3100 63.660152
29.3200 63.772282
29.3300 63.884514
29.3400 63.996845
29.3500 64.109276
29.3600 64.221809
29.3700 64.334442
29.3800 64.447182
29.3900 64.560013
29.4000 64.672951
29.4100 64.785988
29.4200 64.899124
29.4300 65.012360
29.4400 65.125694
29.4500 65.239136
29.4600 65.352669
29.4700 65.466309
29.4800 65.580040
29.4900 65.693878
29.5000 65.807816
29.5100 65.921852
29.5200 66.035988
29.5300 66.150223
29.5400 66.264557
29.5500 66.378990
29.5600 66.493530
29.5700 66.608162
29.5800 66.722893
29.5900 66.837723
29.6000 66.952660
29.6100 67.067688
29.6200 67.182816
29.6300 67.298050
29.6400 67.413376
29.6500 67.528801
29.6600 67.644325
29.6700 67.759949
29.6800 67.875671
29.6900 67.991493
29.7000 68.107414
29.7100 68.223434
29.7200 68.339554
29.7300 68.455765
29.7400 68.572083
29.7500 68.688492
29.7600 68.805008
29.7700 68.921616
29.7800 69.038322
29.7900 69.155128
29.8000 69.272026
29.8100 69.389030
29.8200 69.506126
29.8300 69.623322
29.8400 69.740616
29.8500 69.858009
29.8600 69.975502
29.8700 70.093086
29.8800 70.210770
29.8900 70.328552
29.9000 70.446434
29.9100 70.564407
29.9200 70.682480
29.9300 70.800652
29.9400 70.918915
29.9500 71.037285
29.9600 71.155746
29.9700 71.274300
29.9800 71.392960
29.9900 71.511711
30.0000 71.630554
